[{0: {'a_b_costs': array([[[inf, inf, inf, ..., inf, inf, inf],
        [inf, inf, inf, ..., inf, inf, inf],
        [inf, inf, inf, ..., inf, inf, inf],
        ...,
        [inf, inf, inf, ..., inf, inf, inf],
        [inf, inf, inf, ..., inf, inf, inf],
        [inf, inf, inf, ..., inf, inf, inf]],

       [[inf, inf, inf, ..., inf, inf, inf],
        [inf, inf, inf, ..., inf, inf, inf],
        [inf, inf, inf, ..., inf, inf, inf],
        ...,
        [inf, inf, inf, ..., inf, inf, inf],
        [inf, inf, inf, ..., inf, inf, inf],
        [inf, inf, inf, ..., inf, inf, inf]],

       [[inf, inf, inf, ..., inf, inf, inf],
        [inf, inf, inf, ..., inf, inf, inf],
        [inf, inf, inf, ..., inf, inf, inf],
        ...,
        [inf, inf, inf, ..., inf, inf, inf],
        [inf, inf, inf, ..., inf, inf, inf],
        [inf, inf, inf, ..., inf, inf, inf]],

       ...,

       [[inf, inf, inf, ..., inf, inf, inf],
        [inf, inf, inf, ..., inf, inf, inf],
        [inf, inf, inf, ..., inf, inf, inf],
        ...,
        [inf, inf, inf, ..., inf, inf, inf],
        [inf, inf, inf, ..., inf, inf, inf],
        [inf, inf, inf, ..., inf, inf, inf]],

       [[inf, inf, inf, ..., inf, inf, inf],
        [inf, inf, inf, ..., inf, inf, inf],
        [inf, inf, inf, ..., inf, inf, inf],
        ...,
        [inf, inf, inf, ..., inf, inf, inf],
        [inf, inf, inf, ..., inf, inf, inf],
        [inf, inf, inf, ..., inf, inf, inf]],

       [[inf, inf, inf, ..., inf, inf, inf],
        [inf, inf, inf, ..., inf, inf, inf],
        [inf, inf, inf, ..., inf, inf, inf],
        ...,
        [inf, inf, inf, ..., inf, inf, inf],
        [inf, inf, inf, ..., inf, inf, inf],
        [inf, inf, inf, ..., inf, inf, inf]]],
      shape=(28, 1025, 18), dtype=float32),
      'a_b_csum': array([[inf, inf, inf, ..., inf, inf, inf],
       [inf, inf, inf, ..., inf, inf, inf],
       [inf, inf, inf, ..., inf, inf, inf],
       ...,
       [inf, inf, inf, ..., inf, inf, inf],
       [inf, inf, inf, ..., inf, inf, inf],
       [inf, inf, inf, ..., inf, inf, inf]], shape=(1027, 18)),
      'a_b_xp': array([[-42, -42, -42, ..., -42, -42, -42],
       [-42, -42, -42, ..., -42, -42, -42],
       [-42, -42, -42, ..., -42, -42, -42],
       ...,
       [-42, -42, -42, ..., -42, -42, -42],
       [-42, -42, -42, ..., -42, -42, -42],
       [-42, -42, -42, ..., -42, -42, -42]], shape=(1027, 18), dtype=int32),
      'a_b_yp': array([[-42, -42, -42, ..., -42, -42, -42],
       [-42, -42, -42, ..., -42, -42, -42],
       [-42, -42, -42, ..., -42, -42, -42],
       ...,
       [-42, -42, -42, ..., -42, -42, -42],
       [-42, -42, -42, ..., -42, -42, -42],
       [-42, -42, -42, ..., -42, -42, -42]], shape=(1027, 18), dtype=int32),
      'alignment_scores': array([1.54982626e-01, 1.60794392e-01, 2.14710787e-01, 3.62445205e-01,
       3.49929452e-01, 2.12756157e-01, 5.21545649e-01, 2.57774532e-01,
       1.50584122e-01, 2.83281833e-01, 1.64658844e-01, 4.40331936e-01,
       7.53884554e-01, 1.11354852e+00, 1.05989778e+00, 7.72575521e-01,
       0.00000000e+00, 1.00947440e+00, 9.20310338e-01, 0.00000000e+00,
       0.00000000e+00, 0.00000000e+00, 0.00000000e+00, 8.67242455e-01,
       0.00000000e+00, 0.00000000e+00, 0.00000000e+00, 0.00000000e+00,
       0.00000000e+00, 0.00000000e+00, 0.00000000e+00, 0.00000000e+00,
       0.00000000e+00, 3.93635341e-01, 2.04474345e-01, 2.35247150e-01,
       4.42325056e-01, 6.39764845e-01, 6.77566111e-01, 5.00467062e-01,
       2.55145311e-01, 3.08739156e-01, 6.23731971e-01, 4.49593902e-01,
       2.59507179e-01, 4.37285155e-01, 3.03559631e-01, 1.36407614e-01,
       3.43781024e-01, 3.52562875e-01, 2.93179244e-01, 4.49239403e-01,
       6.21167779e-01, 4.34451550e-01, 3.72728743e-02, 3.81097972e-01,
       3.72599155e-01, 2.87151814e-01, 3.30173850e-01, 2.35462755e-01,
       2.72991866e-01, 2.79378444e-01, 1.40714094e-01, 3.51127028e-01,
       4.02639776e-01, 3.16740096e-01, 3.13698024e-01, 7.53173927e-02,
       2.42616490e-01, 2.98497707e-01, 5.27929187e-01, 4.67988670e-01,
       1.78883255e-01, 3.17242146e-01, 1.85435221e-01, 3.57047886e-01,
       2.20853388e-01, 1.68007165e-01, 3.15562606e-01, 3.38746756e-01,
       4.78951871e-01, 4.88211830e-01, 2.69191980e-01, 3.63291591e-01,
       4.28832412e-01, 3.18297327e-01, 4.28981423e-01, 4.04305935e-01,
       3.39751393e-01, 2.03441709e-01, 5.57954848e-01, 2.82135069e-01,
       2.22879246e-01, 1.97846711e-01, 3.41714293e-01, 2.82059550e-01,
       3.11385334e-01, 2.27266327e-01, 5.26621103e-01, 3.19572538e-01,
       3.90227795e-01, 4.87891793e-01, 2.29649231e-01, 4.05561090e-01,
       4.10057783e-01, 4.23739751e-01, 4.59326297e-01, 3.31806540e-01,
       3.06739867e-01, 2.84836531e-01, 2.52374142e-01, 4.49214369e-01,
       3.20350617e-01, 5.53974152e-01, 4.95072722e-01, 3.79890501e-01,
       3.39933693e-01, 3.47109407e-01, 2.81392246e-01, 5.16985893e-01,
       7.49949455e-01, 6.54730856e-01, 5.16009927e-01, 4.50463831e-01,
       6.07460797e-01, 5.26328802e-01, 3.77599210e-01, 2.74866015e-01,
       2.84754217e-01, 4.68658537e-01, 3.54487747e-01, 3.19902509e-01,
       2.66864598e-01, 3.78327072e-01, 2.99103945e-01, 3.12949628e-01,
       1.94308370e-01, 2.46912956e-01, 2.98213035e-01, 3.48789364e-01,
       2.65442520e-01, 2.79060662e-01, 3.85759771e-01, 3.01180959e-01,
       3.27459961e-01, 4.02893305e-01, 1.65348455e-01, 4.14330751e-01,
       4.26323086e-01, 2.89256275e-01, 3.51725221e-01, 5.38144171e-01,
       7.02986121e-01, 2.17029134e-01, 3.38904530e-01, 3.61623019e-01,
       1.76738918e-01, 6.30645812e-01, 3.69109571e-01, 5.31155407e-01,
       3.14651996e-01, 2.26817310e-01, 2.81444073e-01, 1.19007468e-01,
       5.54552257e-01, 3.79934371e-01, 3.15449804e-01, 2.13687226e-01,
       3.79056752e-01, 3.43482852e-01, 4.52491611e-01, 4.74765211e-01,
       5.54590404e-01, 4.18012917e-01, 2.98768967e-01, 4.55904782e-01,
       9.58074927e-01, 3.97965163e-01, 4.20269012e-01, 7.25356340e-01,
       2.40644793e-01, 2.20566352e-01, 2.89609611e-01, 3.82794410e-01,
       2.70353824e-01, 1.85087785e-01, 5.33035696e-01, 3.59016240e-01,
       2.75117874e-01, 2.85516888e-01, 4.35724020e-01, 2.76093572e-01,
       2.07069024e-01, 5.96786797e-01, 3.49086225e-01, 2.64366180e-01,
       4.26514074e-02, 4.57647085e-01, 1.78646058e-01, 2.92503476e-01,
       5.88354886e-01, 3.03370416e-01, 2.62931327e-01, 3.05096030e-01,
       3.64071995e-01, 5.07967591e-01, 4.64400530e-01, 2.14461774e-01,
       4.50345427e-01, 5.87491691e-01, 3.68086308e-01, 3.33496869e-01,
       4.38822836e-01, 1.44881368e-01, 5.56198239e-01, 4.68520224e-01,
       4.86650676e-01, 1.49561808e-01, 2.46415585e-01, 2.50821769e-01,
       4.59989548e-01, 3.75721276e-01, 4.42859262e-01, 4.24584568e-01,
       4.32982326e-01, 6.58206701e-01, 3.87767464e-01, 6.01305544e-01,
       2.77918249e-01, 2.15862349e-01, 4.40756738e-01, 5.44960499e-01,
       5.46342492e-01, 6.41019762e-01, 2.97386676e-01, 1.71367034e-01,
       2.93884486e-01, 3.26352775e-01, 2.09552959e-01, 7.40010217e-02,
       3.15860689e-01, 3.20906311e-01, 6.48825943e-01, 1.39468953e-01,
       3.24669868e-01, 2.09650263e-01, 1.31927744e-01, 3.41129343e-01,
       3.05885494e-01, 2.61667430e-01, 2.54458994e-01, 2.52895743e-01,
       2.01627880e-01, 2.90466011e-01, 1.73809618e-01, 3.14025074e-01,
       4.47168648e-01, 3.17875594e-01, 2.22546741e-01, 3.47806007e-01,
       2.92713970e-01, 3.74158442e-01, 2.96299815e-01, 2.32219666e-01,
       4.34923410e-01, 2.81057874e-01, 1.69321045e-01, 3.44472557e-01,
       2.41714641e-01, 5.18574655e-01, 6.03125632e-01, 3.83166611e-01,
       1.81270212e-01, 2.21456066e-01, 3.48008593e-01, 1.82599053e-01,
       2.28573889e-01, 2.86369711e-01, 2.64078259e-01, 3.10630023e-01,
       5.11417091e-01, 3.95299107e-01, 4.05627340e-01, 2.86616087e-01,
       3.17047358e-01, 2.70503491e-01, 3.26051712e-01, 4.35408890e-01,
       3.48878205e-01, 3.77719790e-01, 3.58446091e-01, 3.56412500e-01,
       3.23001206e-01, 2.33351991e-01, 7.99524114e-02, 3.43609482e-01,
       5.08078814e-01, 4.40651149e-01, 2.15557322e-01, 2.24083051e-01,
       4.71787810e-01, 2.32324123e-01, 2.57599145e-01, 2.70611405e-01,
       2.04120442e-01, 2.59953588e-01, 6.61133308e-05, 3.82424533e-01,
       1.45296380e-01, 3.90405655e-01, 2.21421167e-01, 3.71095151e-01,
       3.91473174e-01, 1.38401166e-01, 3.12093884e-01, 5.77263832e-01,
       1.53109491e-01, 3.39854926e-01, 1.48496783e-01, 4.31064278e-01,
       5.13258755e-01, 1.80029273e-01, 6.64456964e-01, 2.24069089e-01,
       3.90146405e-01, 2.77320713e-01, 1.72160402e-01, 2.34011143e-01,
       2.46268660e-01, 2.91188270e-01, 5.05050004e-01, 2.29487956e-01,
       3.15982322e-01, 2.56067365e-01, 3.17311227e-01, 3.12658668e-01,
       2.38169044e-01, 2.71716952e-01, 2.08540514e-01, 3.17401767e-01,
       2.53078103e-01, 4.76800472e-01, 2.49679834e-01, 1.76008284e-01,
       3.57754827e-01, 2.58644015e-01, 1.48307413e-01, 2.34701127e-01,
       1.71431541e-01, 2.03067049e-01, 3.01448673e-01, 3.33234847e-01,
       2.95065492e-01, 1.88118637e-01, 5.25814742e-02, 3.22716534e-01,
       2.82786578e-01, 3.30493674e-02, 1.44096434e-01, 2.78449096e-02,
       1.49472967e-01, 2.56571561e-01, 4.14303094e-01, 1.29680514e-01,
       1.65612648e-01, 3.57316397e-02, 1.46863386e-01, 2.62602657e-01,
       2.32005566e-01, 6.78381766e-05, 5.33016610e-05, 4.63471375e-02,
       1.97403888e-01, 7.21887350e-01, 4.51362818e-01, 2.60230064e-01,
       1.76800132e-01, 1.22323193e-01, 2.63690472e-01, 2.77168185e-01,
       3.50676974e-01, 2.04131395e-01, 1.84142530e-01, 2.99865931e-01,
       4.02143508e-01, 4.04175043e-01, 3.96830052e-01, 1.80813193e-01,
       2.46488094e-01, 2.94837922e-01, 4.58232522e-01, 2.10998639e-01,
       2.54719406e-01, 2.30620593e-01, 3.22861671e-01, 4.61944628e-01,
       2.37760872e-01, 2.02035144e-01, 4.77214545e-01, 2.60569006e-01,
       1.66903466e-01, 3.54909837e-01, 1.65888429e-01, 1.74022987e-01,
       1.77458495e-01, 1.53881162e-01, 1.86279088e-01, 3.02408993e-01,
       3.99770766e-01, 5.40944815e-01, 5.62150061e-01, 3.52904469e-01]),
      'alignment_types': [(1, 1),
                          (1, 2),
                          (1, 3),
                          (1, 4),
                          (1, 5),
                          (1, 6),
                          (1, 7),
                          (2, 1),
                          (2, 2),
                          (2, 3),
                          (2, 4),
                          (2, 5),
                          (2, 6),
                          (3, 1),
                          (3, 2),
                          (3, 3),
                          (3, 4),
                          (3, 5),
                          (4, 1),
                          (4, 2),
                          (4, 3),
                          (4, 4),
                          (5, 1),
                          (5, 2),
                          (5, 3),
                          (6, 1),
                          (6, 2),
                          (7, 1)],
      'b_offset': array([ -9,  -9,  -8, ..., 545, 545, 546], shape=(1025,), dtype=int32),
      'del_knob': <dp_utils.DeletionKnob object at 0x1054f9690>,
      'del_penalty': np.float64(0.9757701759338379),
      'final_alignments': [([0], [0]),
                           ([1], [1]),
                           ([2], [2]),
                           ([3], [3]),
                           ([4], [4]),
                           ([5], [5]),
                           ([6], [6, 7, 8]),
                           ([7], [9]),
                           ([8, 9], [10, 11, 12]),
                           ([10, 11], [13]),
                           ([12], [14]),
                           ([13], [15, 16, 17]),
                           ([14], [18, 19, 20, 21]),
                           ([15], [22]),
                           ([16], [23]),
                           ([17], [24, 25, 26, 27, 28]),
                           ([], [29]),
                           ([18], [30]),
                           ([19], [31, 32, 33, 34, 35, 36]),
                           ([], [37]),
                           ([], [38]),
                           ([], [39]),
                           ([], [40]),
                           ([20], [41, 42]),
                           ([], [43]),
                           ([], [44]),
                           ([], [45]),
                           ([], [46]),
                           ([], [47]),
                           ([], [48]),
                           ([], [49]),
                           ([], [50]),
                           ([], [51]),
                           ([21], [52, 53, 54, 55, 56, 57, 58]),
                           ([22], [59]),
                           ([23], [60]),
                           ([24], [61]),
                           ([25], [62]),
                           ([26], [63]),
                           ([27], [64]),
                           ([28], [65]),
                           ([29], [66]),
                           ([30], [67]),
                           ([31, 32, 33], [68]),
                           ([34], [69]),
                           ([35], [70]),
                           ([36], [71]),
                           ([37], [72]),
                           ([38], [73]),
                           ([39], [74]),
                           ([40], [75]),
                           ([41], [76]),
                           ([42], [77, 78]),
                           ([43], [79]),
                           ([44], [80]),
                           ([45], [81]),
                           ([46], [82]),
                           ([47, 48], [83]),
                           ([49], [84]),
                           ([50], [85, 86]),
                           ([51], [87]),
                           ([52, 53], [88]),
                           ([54], [89]),
                           ([55, 56], [90]),
                           ([57, 58], [91]),
                           ([59], [92]),
                           ([60], [93]),
                           ([61], [94, 95, 96, 97, 98, 99]),
                           ([62], [100]),
                           ([63], [101, 102]),
                           ([64], [103]),
                           ([65], [104]),
                           ([66, 67, 68], [105, 106]),
                           ([69, 70], [107]),
                           ([71], [108]),
                           ([72], [109]),
                           ([73], [110]),
                           ([74], [111]),
                           ([75, 76], [112]),
                           ([77], [113]),
                           ([78], [114, 115]),
                           ([79], [116, 117, 118]),
                           ([80, 81], [119]),
                           ([82], [120, 121]),
                           ([83], [122, 123]),
                           ([84], [124, 125, 126, 127]),
                           ([85], [128]),
                           ([86], [129]),
                           ([87], [130, 131]),
                           ([88], [132, 133]),
                           ([89], [134]),
                           ([90], [135]),
                           ([91], [136, 137]),
                           ([92], [138, 139, 140, 141]),
                           ([93], [142, 143]),
                           ([94], [144]),
                           ([95, 96], [145, 146]),
                           ([97], [147, 148]),
                           ([98, 99, 100], [149]),
                           ([101], [150]),
                           ([102], [151]),
                           ([103], [152]),
                           ([104], [153]),
                           ([105, 106, 107], [154]),
                           ([108, 109], [155]),
                           ([110, 111, 112], [156]),
                           ([113], [157]),
                           ([114], [158]),
                           ([115], [159]),
                           ([116], [160]),
                           ([117], [161]),
                           ([118], [162]),
                           ([119, 120], [163]),
                           ([121], [164]),
                           ([122], [165]),
                           ([123], [166]),
                           ([124, 125], [167]),
                           ([126], [168]),
                           ([127], [169]),
                           ([128], [170]),
                           ([129], [171]),
                           ([130], [172]),
                           ([131], [173]),
                           ([132], [174]),
                           ([133], [175]),
                           ([134], [176]),
                           ([135], [177]),
                           ([136], [178]),
                           ([137], [179]),
                           ([138], [180]),
                           ([139], [181]),
                           ([140, 141], [182, 183]),
                           ([142], [184]),
                           ([143, 144], [185]),
                           ([145], [186]),
                           ([146], [187]),
                           ([147], [188]),
                           ([148], [189]),
                           ([149], [190]),
                           ([150], [191]),
                           ([151], [192]),
                           ([152], [193]),
                           ([153], [194]),
                           ([154], [195]),
                           ([155], [196, 197]),
                           ([156, 157], [198]),
                           ([158], [199]),
                           ([159], [200]),
                           ([160], [201]),
                           ([161, 162], [202]),
                           ([163], [203]),
                           ([164], [204]),
                           ([165], [205]),
                           ([166, 167, 168], [206]),
                           ([169], [207]),
                           ([170], [208]),
                           ([171, 172], [209]),
                           ([173], [210]),
                           ([174, 175], [211]),
                           ([176], [212]),
                           ([177], [213]),
                           ([178], [214]),
                           ([179], [215]),
                           ([180], [216]),
                           ([181], [217]),
                           ([182, 183], [218]),
                           ([184], [219]),
                           ([185], [220]),
                           ([186], [221]),
                           ([187, 188], [222]),
                           ([189], [223]),
                           ([190], [224]),
                           ([191], [225]),
                           ([192], [226]),
                           ([193], [227]),
                           ([194, 195], [228]),
                           ([196], [229]),
                           ([197], [230, 231]),
                           ([198], [232]),
                           ([199], [233]),
                           ([200, 201, 202], [234]),
                           ([203], [235, 236, 237]),
                           ([204], [238, 239, 240]),
                           ([205], [241, 242]),
                           ([206], [243, 244]),
                           ([207], [245]),
                           ([208], [246]),
                           ([209], [247, 248]),
                           ([210], [249]),
                           ([211], [250, 251]),
                           ([212], [252]),
                           ([213], [253]),
                           ([214], [254]),
                           ([215], [255]),
                           ([216, 217], [256]),
                           ([218], [257]),
                           ([219], [258]),
                           ([220], [259, 260]),
                           ([221], [261]),
                           ([222], [262, 263]),
                           ([223], [264, 265]),
                           ([224], [266]),
                           ([225, 226], [267, 268, 269]),
                           ([227], [270]),
                           ([228, 229], [271]),
                           ([230], [272]),
                           ([231, 232], [273]),
                           ([233, 234], [274]),
                           ([235], [275]),
                           ([236], [276]),
                           ([237], [277]),
                           ([238], [278]),
                           ([239], [279, 280]),
                           ([240], [281]),
                           ([241], [282]),
                           ([242], [283]),
                           ([243], [284]),
                           ([244], [285]),
                           ([245], [286]),
                           ([246, 247], [287, 288]),
                           ([248], [289]),
                           ([249], [290]),
                           ([250], [291, 292, 293, 294]),
                           ([251, 252], [295]),
                           ([253], [296]),
                           ([254], [297]),
                           ([255], [298, 299]),
                           ([256], [300, 301]),
                           ([257], [302, 303, 304, 305]),
                           ([258], [306, 307]),
                           ([259], [308, 309]),
                           ([260], [310]),
                           ([261, 262], [311]),
                           ([263], [312]),
                           ([264, 265], [313]),
                           ([266, 267], [314, 315]),
                           ([268, 269], [316]),
                           ([270, 271, 272], [317]),
                           ([273, 274], [318]),
                           ([275], [319]),
                           ([276, 277], [320]),
                           ([278], [321]),
                           ([279], [322]),
                           ([280], [323, 324]),
                           ([281], [325]),
                           ([282, 283], [326, 327]),
                           ([284], [328]),
                           ([285], [329, 330, 331]),
                           ([286], [332]),
                           ([287], [333, 334]),
                           ([288], [335, 336]),
                           ([289], [337]),
                           ([290], [338]),
                           ([291], [339]),
                           ([292], [340]),
                           ([293], [341]),
                           ([294], [342]),
                           ([295], [343]),
                           ([296], [344, 345]),
                           ([297], [346]),
                           ([298], [347]),
                           ([299], [348, 349]),
                           ([300], [350]),
                           ([301], [351, 352]),
                           ([302, 303], [353]),
                           ([304, 305, 306], [354]),
                           ([307], [355, 356]),
                           ([308], [357]),
                           ([309], [358]),
                           ([310], [359]),
                           ([311], [360]),
                           ([312], [361]),
                           ([313], [362]),
                           ([314], [363]),
                           ([315], [364, 365, 366]),
                           ([316], [367]),
                           ([317], [368]),
                           ([318], [369]),
                           ([319, 320], [370]),
                           ([321], [371]),
                           ([322], [372]),
                           ([323], [373, 374]),
                           ([324], [375, 376]),
                           ([325], [377]),
                           ([326, 327], [378]),
                           ([328], [379]),
                           ([329], [380]),
                           ([330], [381]),
                           ([331], [382, 383]),
                           ([332], [384]),
                           ([333], [385]),
                           ([334], [386]),
                           ([335], [387]),
                           ([336], [388]),
                           ([337], [389]),
                           ([338], [390, 391]),
                           ([339], [392]),
                           ([340], [393]),
                           ([341], [394]),
                           ([342], [395]),
                           ([343], [396]),
                           ([344], [397]),
                           ([345], [398, 399]),
                           ([346, 347], [400, 401]),
                           ([348], [402]),
                           ([349], [403]),
                           ([350], [404]),
                           ([351], [405]),
                           ([352, 353], [406, 407]),
                           ([354], [408, 409]),
                           ([355], [410, 411]),
                           ([356], [412]),
                           ([357], [413]),
                           ([358, 359], [414]),
                           ([360], [415, 416]),
                           ([361], [417]),
                           ([362], [418]),
                           ([363], [419]),
                           ([364], [420, 421, 422, 423, 424]),
                           ([365], [425]),
                           ([366], [426]),
                           ([367], [427]),
                           ([368], [428]),
                           ([369], [429]),
                           ([370], [430, 431]),
                           ([371], [432]),
                           ([372], [433]),
                           ([373, 374], [434]),
                           ([375], [435]),
                           ([376], [436]),
                           ([377], [437]),
                           ([378, 379], [438]),
                           ([380], [439, 440, 441]),
                           ([381], [442]),
                           ([382], [443]),
                           ([383], [444, 445]),
                           ([384], [446]),
                           ([385], [447, 448]),
                           ([386], [449, 450]),
                           ([387], [451, 452]),
                           ([388], [453]),
                           ([389], [454]),
                           ([390], [455, 456]),
                           ([391], [457, 458, 459, 460]),
                           ([392], [461]),
                           ([393], [462, 463]),
                           ([394], [464]),
                           ([395, 396], [465, 466]),
                           ([397], [467, 468, 469]),
                           ([398], [470]),
                           ([399], [471]),
                           ([400], [472]),
                           ([401], [473]),
                           ([402, 403, 404], [474, 475]),
                           ([405], [476]),
                           ([406], [477]),
                           ([407], [478]),
                           ([408], [479]),
                           ([409], [480, 481]),
                           ([410], [482]),
                           ([411], [483, 484]),
                           ([412], [485, 486]),
                           ([413], [487]),
                           ([414], [488, 489]),
                           ([415], [490, 491, 492]),
                           ([416], [493]),
                           ([417, 418], [494, 495]),
                           ([419], [496]),
                           ([420], [497]),
                           ([421], [498]),
                           ([422], [499]),
                           ([423], [500]),
                           ([424], [501, 502, 503]),
                           ([425], [504]),
                           ([426, 427], [505]),
                           ([428], [506, 507]),
                           ([429], [508, 509, 510]),
                           ([430], [511]),
                           ([431], [512, 513, 514]),
                           ([432], [515]),
                           ([433, 434, 435], [516]),
                           ([436], [517]),
                           ([437], [518]),
                           ([438], [519]),
                           ([439], [520]),
                           ([440], [521]),
                           ([441], [522]),
                           ([442], [523]),
                           ([443], [524]),
                           ([444], [525]),
                           ([445], [526]),
                           ([446], [527]),
                           ([447], [528]),
                           ([448], [529]),
                           ([449], [530]),
                           ([450], [531, 532, 533, 534, 535]),
                           ([451], [536]),
                           ([452], [537]),
                           ([453], [538]),
                           ([454, 455], [539]),
                           ([456], [540]),
                           ([457], [541, 542]),
                           ([458], [543]),
                           ([459], [544]),
                           ([460], [545]),
                           ([461], [546]),
                           ([462], [547]),
                           ([463], [548]),
                           ([464], [549]),
                           ([465], [550]),
                           ([466], [551]),
                           ([467], [552, 553])],
      'n0': array([[0.49968314, 0.4387374 , 0.70278984, ..., 0.5325845 , 0.5167713 ,
        0.31899542],
       [0.8124819 , 0.36932856, 0.40333205, ..., 0.33322042, 0.42821324,
        0.30100912],
       [0.8124819 , 0.8124819 , 0.34901738, ..., 0.3197698 , 0.3251655 ,
        0.29430282],
       ...,
       [0.8124819 , 0.8124819 , 0.8124819 , ..., 0.29228085, 0.29654974,
        0.28452212],
       [0.8124819 , 0.8124819 , 0.8124819 , ..., 0.2878757 , 0.2940172 ,
        0.2841161 ],
       [0.8124819 , 0.8124819 , 0.8124819 , ..., 0.28678954, 0.29046768,
        0.28243804]], shape=(8, 468), dtype=float32),
      'n1': array([[0.53021574, 0.44584394, 0.6579023 , ..., 0.57093495, 0.2993381 ,
        0.7086038 ],
       [0.8375243 , 0.38638473, 0.40945923, ..., 0.4088344 , 0.2848472 ,
        0.29222637],
       [0.8375243 , 0.8375243 , 0.3634017 , ..., 0.29086584, 0.26930076,
        0.2782904 ],
       ...,
       [0.8375243 , 0.8375243 , 0.8375243 , ..., 0.25008774, 0.24179566,
        0.2434035 ],
       [0.8375243 , 0.8375243 , 0.8375243 , ..., 0.24031758, 0.23801512,
        0.23980963],
       [0.8375243 , 0.8375243 , 0.8375243 , ..., 0.23459953, 0.23281378,
        0.2362405 ]], shape=(8, 554), dtype=float32),
      'new_b_offset': array([ -9,  -9,  -8, ..., 546, 546, 547], shape=(1027,), dtype=int32),
      'searchpath': [(0, 0),
                     (1, 0),
                     (1, 1),
                     (1, 2),
                     (2, 2),
                     (3, 2),
                     (3, 3),
                     (3, 4),
                     (4, 4),
                     (5, 4),
                     (5, 5),
                     (5, 6),
                     (6, 6),
                     (6, 7),
                     (6, 8),
                     (7, 8),
                     (7, 9),
                     (7, 10),
                     (8, 10),
                     (9, 10),
                     (9, 11),
                     (9, 12),
                     (10, 12),
                     (11, 12),
                     (11, 13),
                     (11, 14),
                     (12, 14),
                     (13, 14),
                     (13, 15),
                     (13, 16),
                     (14, 16),
                     (14, 17),
                     (14, 18),
                     (14, 19),
                     (14, 20),
                     (14, 21),
                     (14, 22),
                     (14, 23),
                     (14, 24),
                     (14, 25),
                     (14, 26),
                     (14, 27),
                     (14, 28),
                     (14, 29),
                     (14, 30),
                     (14, 31),
                     (14, 32),
                     (14, 33),
                     (14, 34),
                     (14, 35),
                     (14, 36),
                     (14, 37),
                     (14, 38),
                     (14, 39),
                     (14, 40),
                     (14, 41),
                     (14, 42),
                     (15, 42),
                     (15, 43),
                     (15, 44),
                     (16, 44),
                     (16, 45),
                     (16, 46),
                     (16, 47),
                     (16, 48),
                     (16, 49),
                     (16, 50),
                     (16, 51),
                     (16, 52),
                     (17, 52),
                     (17, 53),
                     (17, 54),
                     (18, 54),
                     (19, 54),
                     (19, 55),
                     (19, 56),
                     (20, 56),
                     (21, 56),
                     (21, 57),
                     (21, 58),
                     (22, 58),
                     (23, 58),
                     (23, 59),
                     (23, 60),
                     (24, 60),
                     (25, 60),
                     (25, 61),
                     (25, 62),
                     (26, 62),
                     (27, 62),
                     (27, 63),
                     (27, 64),
                     (28, 64),
                     (29, 64),
                     (29, 65),
                     (29, 66),
                     (30, 66),
                     (31, 66),
                     (31, 67),
                     (31, 68),
                     (32, 68),
                     (33, 68),
                     (33, 69),
                     (33, 70),
                     (34, 70),
                     (35, 70),
                     (35, 71),
                     (35, 72),
                     (36, 72),
                     (37, 72),
                     (37, 73),
                     (37, 74),
                     (38, 74),
                     (39, 74),
                     (39, 75),
                     (39, 76),
                     (40, 76),
                     (41, 76),
                     (41, 77),
                     (41, 78),
                     (42, 78),
                     (43, 78),
                     (43, 79),
                     (43, 80),
                     (44, 80),
                     (45, 80),
                     (45, 81),
                     (45, 82),
                     (46, 82),
                     (47, 82),
                     (47, 83),
                     (47, 84),
                     (48, 84),
                     (49, 84),
                     (49, 85),
                     (49, 86),
                     (50, 86),
                     (51, 86),
                     (51, 87),
                     (51, 88),
                     (52, 88),
                     (53, 88),
                     (53, 89),
                     (53, 90),
                     (54, 90),
                     (55, 90),
                     (55, 91),
                     (55, 92),
                     (56, 92),
                     (57, 92),
                     (57, 93),
                     (57, 94),
                     (58, 94),
                     (59, 94),
                     (59, 95),
                     (59, 96),
                     (60, 96),
                     (61, 96),
                     (61, 97),
                     (61, 98),
                     (62, 98),
                     (62, 99),
                     (62, 100),
                     (63, 100),
                     (63, 101),
                     (63, 102),
                     (64, 102),
                     (65, 102),
                     (65, 103),
                     (65, 104),
                     (66, 104),
                     (67, 104),
                     (67, 105),
                     (67, 106),
                     (68, 106),
                     (69, 106),
                     (69, 107),
                     (69, 108),
                     (70, 108),
                     (71, 108),
                     (71, 109),
                     (71, 110),
                     (72, 110),
                     (73, 110),
                     (73, 111),
                     (73, 112),
                     (74, 112),
                     (75, 112),
                     (75, 113),
                     (75, 114),
                     (76, 114),
                     (77, 114),
                     (77, 115),
                     (77, 116),
                     (78, 116),
                     (79, 116),
                     (79, 117),
                     (79, 118),
                     (80, 118),
                     (81, 118),
                     (81, 119),
                     (81, 120),
                     (82, 120),
                     (83, 120),
                     (83, 121),
                     (83, 122),
                     (84, 122),
                     (84, 123),
                     (84, 124),
                     (85, 124),
                     (85, 125),
                     (85, 126),
                     (86, 126),
                     (86, 127),
                     (86, 128),
                     (87, 128),
                     (87, 129),
                     (87, 130),
                     (88, 130),
                     (88, 131),
                     (88, 132),
                     (89, 132),
                     (89, 133),
                     (89, 134),
                     (90, 134),
                     (91, 134),
                     (91, 135),
                     (91, 136),
                     (92, 136),
                     (93, 136),
                     (93, 137),
                     (93, 138),
                     (94, 138),
                     (95, 138),
                     (95, 139),
                     (95, 140),
                     (96, 140),
                     (97, 140),
                     (97, 141),
                     (97, 142),
                     (98, 142),
                     (99, 142),
                     (99, 143),
                     (99, 144),
                     (100, 144),
                     (101, 144),
                     (101, 145),
                     (101, 146),
                     (102, 146),
                     (103, 146),
                     (103, 147),
                     (103, 148),
                     (104, 148),
                     (105, 148),
                     (105, 149),
                     (105, 150),
                     (106, 150),
                     (107, 150),
                     (107, 151),
                     (107, 152),
                     (108, 152),
                     (109, 152),
                     (109, 153),
                     (109, 154),
                     (110, 154),
                     (111, 154),
                     (111, 155),
                     (111, 156),
                     (112, 156),
                     (113, 156),
                     (113, 157),
                     (113, 158),
                     (114, 158),
                     (115, 158),
                     (115, 159),
                     (115, 160),
                     (116, 160),
                     (117, 160),
                     (117, 161),
                     (117, 162),
                     (118, 162),
                     (119, 162),
                     (119, 163),
                     (119, 164),
                     (120, 164),
                     (121, 164),
                     (122, 164),
                     (123, 164),
                     (123, 165),
                     (123, 166),
                     (124, 166),
                     (125, 166),
                     (125, 167),
                     (125, 168),
                     (126, 168),
                     (127, 168),
                     (127, 169),
                     (127, 170),
                     (128, 170),
                     (129, 170),
                     (129, 171),
                     (129, 172),
                     (130, 172),
                     (131, 172),
                     (131, 173),
                     (131, 174),
                     (132, 174),
                     (133, 174),
                     (133, 175),
                     (133, 176),
                     (134, 176),
                     (135, 176),
                     (135, 177),
                     (135, 178),
                     (136, 178),
                     (137, 178),
                     (137, 179),
                     (137, 180),
                     (138, 180),
                     (139, 180),
                     (139, 181),
                     (139, 182),
                     (140, 182),
                     (141, 182),
                     (141, 183),
                     (141, 184),
                     (142, 184),
                     (143, 184),
                     (143, 185),
                     (143, 186),
                     (144, 186),
                     (145, 186),
                     (145, 187),
                     (145, 188),
                     (146, 188),
                     (147, 188),
                     (147, 189),
                     (147, 190),
                     (148, 190),
                     (149, 190),
                     (149, 191),
                     (149, 192),
                     (150, 192),
                     (151, 192),
                     (151, 193),
                     (151, 194),
                     (152, 194),
                     (153, 194),
                     (153, 195),
                     (153, 196),
                     (154, 196),
                     (155, 196),
                     (155, 197),
                     (155, 198),
                     (156, 198),
                     (157, 198),
                     (157, 199),
                     (157, 200),
                     (158, 200),
                     (159, 200),
                     (159, 201),
                     (159, 202),
                     (160, 202),
                     (161, 202),
                     (162, 202),
                     (163, 202),
                     (163, 203),
                     (163, 204),
                     (164, 204),
                     (165, 204),
                     (165, 205),
                     (165, 206),
                     (166, 206),
                     (167, 206),
                     (168, 206),
                     (169, 206),
                     (169, 207),
                     (169, 208),
                     (170, 208),
                     (171, 208),
                     (171, 209),
                     (171, 210),
                     (172, 210),
                     (173, 210),
                     (173, 211),
                     (173, 212),
                     (174, 212),
                     (175, 212),
                     (176, 212),
                     (177, 212),
                     (177, 213),
                     (177, 214),
                     (178, 214),
                     (179, 214),
                     (179, 215),
                     (179, 216),
                     (180, 216),
                     (181, 216),
                     (181, 217),
                     (181, 218),
                     (182, 218),
                     (183, 218),
                     (183, 219),
                     (183, 220),
                     (184, 220),
                     (185, 220),
                     (186, 220),
                     (187, 220),
                     (187, 221),
                     (187, 222),
                     (188, 222),
                     (189, 222),
                     (189, 223),
                     (189, 224),
                     (190, 224),
                     (191, 224),
                     (191, 225),
                     (191, 226),
                     (192, 226),
                     (193, 226),
                     (193, 227),
                     (193, 228),
                     (194, 228),
                     (195, 228),
                     (195, 229),
                     (195, 230),
                     (196, 230),
                     (197, 230),
                     (197, 231),
                     (197, 232),
                     (198, 232),
                     (199, 232),
                     (199, 233),
                     (199, 234),
                     (200, 234),
                     (201, 234),
                     (201, 235),
                     (201, 236),
                     (202, 236),
                     (203, 236),
                     (203, 237),
                     (203, 238),
                     (204, 238),
                     (204, 239),
                     (204, 240),
                     (205, 240),
                     (205, 241),
                     (205, 242),
                     (206, 242),
                     (206, 243),
                     (206, 244),
                     (207, 244),
                     (207, 245),
                     (207, 246),
                     (208, 246),
                     (209, 246),
                     (209, 247),
                     (209, 248),
                     (210, 248),
                     (210, 249),
                     (210, 250),
                     (211, 250),
                     (211, 251),
                     (211, 252),
                     (212, 252),
                     (213, 252),
                     (213, 253),
                     (213, 254),
                     (214, 254),
                     (215, 254),
                     (215, 255),
                     (215, 256),
                     (216, 256),
                     (217, 256),
                     (217, 257),
                     (217, 258),
                     (218, 258),
                     (219, 258),
                     (219, 259),
                     (219, 260),
                     (220, 260),
                     (221, 260),
                     (221, 261),
                     (221, 262),
                     (222, 262),
                     (223, 262),
                     (223, 263),
                     (223, 264),
                     (224, 264),
                     (224, 265),
                     (224, 266),
                     (225, 266),
                     (225, 267),
                     (225, 268),
                     (226, 268),
                     (227, 268),
                     (227, 269),
                     (227, 270),
                     (228, 270),
                     (229, 270),
                     (229, 271),
                     (229, 272),
                     (230, 272),
                     (231, 272),
                     (231, 273),
                     (231, 274),
                     (232, 274),
                     (233, 274),
                     (234, 274),
                     (235, 274),
                     (235, 275),
                     (235, 276),
                     (236, 276),
                     (237, 276),
                     (237, 277),
                     (237, 278),
                     (238, 278),
                     (239, 278),
                     (239, 279),
                     (239, 280),
                     (240, 280),
                     (241, 280),
                     (241, 281),
                     (241, 282),
                     (242, 282),
                     (242, 283),
                     (242, 284),
                     (243, 284),
                     (243, 285),
                     (243, 286),
                     (244, 286),
                     (245, 286),
                     (245, 287),
                     (245, 288),
                     (246, 288),
                     (247, 288),
                     (247, 289),
                     (247, 290),
                     (248, 290),
                     (249, 290),
                     (249, 291),
                     (249, 292),
                     (250, 292),
                     (250, 293),
                     (250, 294),
                     (251, 294),
                     (251, 295),
                     (251, 296),
                     (252, 296),
                     (253, 296),
                     (253, 297),
                     (253, 298),
                     (254, 298),
                     (255, 298),
                     (255, 299),
                     (255, 300),
                     (256, 300),
                     (257, 300),
                     (257, 301),
                     (257, 302),
                     (258, 302),
                     (259, 302),
                     (259, 303),
                     (259, 304),
                     (260, 304),
                     (261, 304),
                     (261, 305),
                     (261, 306),
                     (262, 306),
                     (263, 306),
                     (263, 307),
                     (263, 308),
                     (264, 308),
                     (265, 308),
                     (265, 309),
                     (265, 310),
                     (266, 310),
                     (267, 310),
                     (267, 311),
                     (267, 312),
                     (268, 312),
                     (269, 312),
                     (269, 313),
                     (269, 314),
                     (270, 314),
                     (271, 314),
                     (271, 315),
                     (271, 316),
                     (272, 316),
                     (273, 316),
                     (273, 317),
                     (273, 318),
                     (274, 318),
                     (275, 318),
                     (275, 319),
                     (275, 320),
                     (276, 320),
                     (277, 320),
                     (277, 321),
                     (277, 322),
                     (278, 322),
                     (279, 322),
                     (279, 323),
                     (279, 324),
                     (280, 324),
                     (281, 324),
                     (281, 325),
                     (281, 326),
                     (282, 326),
                     (283, 326),
                     (283, 327),
                     (283, 328),
                     (284, 328),
                     (284, 329),
                     (284, 330),
                     (285, 330),
                     (285, 331),
                     (285, 332),
                     (286, 332),
                     (287, 332),
                     (287, 333),
                     (287, 334),
                     (288, 334),
                     (288, 335),
                     (288, 336),
                     (289, 336),
                     (289, 337),
                     (289, 338),
                     (290, 338),
                     (291, 338),
                     (291, 339),
                     (291, 340),
                     (292, 340),
                     (293, 340),
                     (293, 341),
                     (293, 342),
                     (294, 342),
                     (295, 342),
                     (295, 343),
                     (295, 344),
                     (296, 344),
                     (297, 344),
                     (297, 345),
                     (297, 346),
                     (298, 346),
                     (298, 347),
                     (298, 348),
                     (299, 348),
                     (299, 349),
                     (299, 350),
                     (300, 350),
                     (301, 350),
                     (301, 351),
                     (301, 352),
                     (302, 352),
                     (303, 352),
                     (303, 353),
                     (303, 354),
                     (304, 354),
                     (305, 354),
                     (305, 355),
                     (305, 356),
                     (306, 356),
                     (307, 356),
                     (307, 357),
                     (307, 358),
                     (308, 358),
                     (309, 358),
                     (309, 359),
                     (309, 360),
                     (310, 360),
                     (311, 360),
                     (311, 361),
                     (311, 362),
                     (312, 362),
                     (313, 362),
                     (313, 363),
                     (313, 364),
                     (314, 364),
                     (315, 364),
                     (315, 365),
                     (315, 366),
                     (316, 366),
                     (317, 366),
                     (317, 367),
                     (317, 368),
                     (318, 368),
                     (319, 368),
                     (319, 369),
                     (319, 370),
                     (320, 370),
                     (321, 370),
                     (321, 371),
                     (321, 372),
                     (322, 372),
                     (323, 372),
                     (323, 373),
                     (323, 374),
                     (324, 374),
                     (324, 375),
                     (324, 376),
                     (325, 376),
                     (325, 377),
                     (325, 378),
                     (326, 378),
                     (327, 378),
                     (327, 379),
                     (327, 380),
                     (328, 380),
                     (329, 380),
                     (329, 381),
                     (329, 382),
                     (330, 382),
                     (331, 382),
                     (331, 383),
                     (331, 384),
                     (332, 384),
                     (333, 384),
                     (333, 385),
                     (333, 386),
                     (334, 386),
                     (335, 386),
                     (335, 387),
                     (335, 388),
                     (336, 388),
                     (337, 388),
                     (337, 389),
                     (337, 390),
                     (338, 390),
                     (339, 390),
                     (339, 391),
                     (339, 392),
                     (340, 392),
                     (341, 392),
                     (341, 393),
                     (341, 394),
                     (342, 394),
                     (343, 394),
                     (343, 395),
                     (343, 396),
                     (344, 396),
                     (345, 396),
                     (345, 397),
                     (345, 398),
                     (346, 398),
                     (346, 399),
                     (346, 400),
                     (347, 400),
                     (347, 401),
                     (347, 402),
                     (348, 402),
                     (349, 402),
                     (349, 403),
                     (349, 404),
                     (350, 404),
                     (351, 404),
                     (351, 405),
                     (351, 406),
                     (352, 406),
                     (353, 406),
                     (353, 407),
                     (353, 408),
                     (354, 408),
                     (354, 409),
                     (354, 410),
                     (355, 410),
                     (355, 411),
                     (355, 412),
                     (356, 412),
                     (357, 412),
                     (357, 413),
                     (357, 414),
                     (358, 414),
                     (359, 414),
                     (359, 415),
                     (359, 416),
                     (360, 416),
                     (361, 416),
                     (361, 417),
                     (361, 418),
                     (362, 418),
                     (363, 418),
                     (363, 419),
                     (363, 420),
                     (364, 420),
                     (364, 421),
                     (364, 422),
                     (364, 423),
                     (364, 424),
                     (365, 424),
                     (365, 425),
                     (365, 426),
                     (366, 426),
                     (367, 426),
                     (367, 427),
                     (367, 428),
                     (368, 428),
                     (369, 428),
                     (369, 429),
                     (369, 430),
                     (370, 430),
                     (371, 430),
                     (371, 431),
                     (371, 432),
                     (372, 432),
                     (373, 432),
                     (373, 433),
                     (373, 434),
                     (374, 434),
                     (375, 434),
                     (375, 435),
                     (375, 436),
                     (376, 436),
                     (377, 436),
                     (377, 437),
                     (377, 438),
                     (378, 438),
                     (379, 438),
                     (379, 439),
                     (379, 440),
                     (380, 440),
                     (380, 441),
                     (380, 442),
                     (381, 442),
                     (381, 443),
                     (381, 444),
                     (382, 444),
                     (383, 444),
                     (383, 445),
                     (383, 446),
                     (384, 446),
                     (385, 446),
                     (385, 447),
                     (385, 448),
                     (386, 448),
                     (386, 449),
                     (386, 450),
                     (387, 450),
                     (387, 451),
                     (387, 452),
                     (388, 452),
                     (388, 453),
                     (388, 454),
                     (389, 454),
                     (389, 455),
                     (389, 456),
                     (390, 456),
                     (391, 456),
                     (391, 457),
                     (391, 458),
                     (392, 458),
                     (392, 459),
                     (392, 460),
                     (392, 461),
                     (392, 462),
                     (393, 462),
                     (393, 463),
                     (393, 464),
                     (394, 464),
                     (395, 464),
                     (395, 465),
                     (395, 466),
                     (396, 466),
                     (397, 466),
                     (397, 467),
                     (397, 468),
                     (398, 468),
                     (398, 469),
                     (398, 470),
                     (399, 470),
                     (399, 471),
                     (399, 472),
                     (400, 472),
                     (401, 472),
                     (401, 473),
                     (401, 474),
                     (402, 474),
                     (403, 474),
                     (403, 475),
                     (403, 476),
                     (404, 476),
                     (405, 476),
                     (405, 477),
                     (405, 478),
                     (406, 478),
                     (407, 478),
                     (407, 479),
                     (407, 480),
                     (408, 480),
                     (409, 480),
                     (409, 481),
                     (409, 482),
                     (410, 482),
                     (411, 482),
                     (411, 483),
                     (411, 484),
                     (412, 484),
                     (412, 485),
                     (412, 486),
                     (413, 486),
                     (413, 487),
                     (413, 488),
                     (414, 488),
                     (415, 488),
                     (415, 489),
                     (415, 490),
                     (416, 490),
                     (416, 491),
                     (416, 492),
                     (417, 492),
                     (417, 493),
                     (417, 494),
                     (418, 494),
                     (418, 495),
                     (418, 496),
                     (419, 496),
                     (419, 497),
                     (419, 498),
                     (420, 498),
                     (421, 498),
                     (421, 499),
                     (421, 500),
                     (422, 500),
                     (423, 500),
                     (423, 501),
                     (423, 502),
                     (424, 502),
                     (425, 502),
                     (425, 503),
                     (425, 504),
                     (426, 504),
                     (427, 504),
                     (427, 505),
                     (427, 506),
                     (428, 506),
                     (429, 506),
                     (429, 507),
                     (429, 508),
                     (430, 508),
                     (430, 509),
                     (430, 510),
                     (431, 510),
                     (431, 511),
                     (431, 512),
                     (432, 512),
                     (432, 513),
                     (432, 514),
                     (433, 514),
                     (433, 515),
                     (433, 516),
                     (434, 516),
                     (435, 516),
                     (435, 517),
                     (435, 518),
                     (436, 518),
                     (437, 518),
                     (437, 519),
                     (437, 520),
                     (438, 520),
                     (439, 520),
                     (439, 521),
                     (439, 522),
                     (440, 522),
                     (441, 522),
                     (441, 523),
                     (441, 524),
                     (442, 524),
                     (443, 524),
                     (443, 525),
                     (443, 526),
                     (444, 526),
                     (445, 526),
                     (445, 527),
                     (445, 528),
                     (446, 528),
                     (447, 528),
                     (447, 529),
                     (447, 530),
                     (448, 530),
                     (449, 530),
                     (449, 531),
                     (449, 532),
                     (450, 532),
                     (450, 533),
                     (450, 534),
                     (451, 534),
                     (451, 535),
                     (451, 536),
                     (452, 536),
                     (453, 536),
                     (453, 537),
                     (453, 538),
                     (454, 538),
                     (455, 538),
                     (455, 539),
                     (455, 540),
                     (456, 540),
                     (457, 540),
                     (457, 541),
                     (457, 542),
                     (458, 542),
                     (459, 542),
                     (459, 543),
                     (459, 544),
                     (460, 544),
                     (461, 544),
                     (461, 545),
                     (461, 546),
                     (462, 546),
                     (463, 546),
                     (463, 547),
                     (463, 548),
                     (464, 548),
                     (465, 548),
                     (465, 549),
                     (465, 550),
                     (466, 550),
                     (467, 550),
                     (467, 551),
                     (467, 552),
                     (468, 552),
                     (468, 553),
                     (468, 554),
                     (469, 554),
                     (469, 555)],
      'size0': 468,
      'size1': 554,
      'v0': array([[[ 1.9403548e-03,  3.7936564e-04,  6.6470555e-03, ...,
          3.6947794e-02, -4.4717742e-03,  3.1831454e-02],
        [ 2.9435229e-02,  1.7265590e-02,  1.7559065e-05, ...,
          4.0987555e-02,  7.6702144e-03,  2.8959832e-03],
        [ 1.5860611e-03,  1.4446190e-02, -6.2067789e-04, ...,
          3.4532640e-02,  4.1884347e-03,  6.2192604e-02],
        ...,
        [ 3.1845294e-02, -7.8522018e-04, -1.4601439e-03, ...,
          6.7453831e-02,  9.0344222e-03,  4.0584493e-02],
        [ 1.3823296e-02,  2.0133704e-02,  1.1329014e-03, ...,
          6.8281638e-03,  5.2192617e-02,  2.3746500e-02],
        [ 1.2216078e-02,  4.5288816e-02,  5.9319539e-03, ...,
          4.8740495e-02,  1.9672764e-02,  3.6264002e-02]],

       [[ 3.3916263e-03, -2.5937436e-03,  5.8410740e-03, ...,
          4.2410396e-02,  4.2916827e-02,  3.9327377e-03],
        [ 1.0989277e-02,  1.6629772e-05,  8.2254526e-04, ...,
          4.4202745e-02,  1.1537506e-02,  4.0444098e-02],
        [ 2.9172286e-02,  1.8418856e-02, -5.7248666e-04, ...,
          5.8848090e-02,  7.2371764e-03,  4.2962529e-02],
        ...,
        [ 1.9792853e-02,  6.5336232e-03, -4.5298832e-03, ...,
          3.7991833e-02,  4.4874111e-03,  1.8877711e-02],
        [ 2.2570448e-02, -2.1071636e-04,  1.8676198e-03, ...,
          5.0201036e-02,  3.2732680e-02,  2.4528941e-02],
        [ 1.6318996e-02,  9.5561147e-03,  7.3315226e-03, ...,
          4.7765162e-02,  1.6780237e-02,  3.3119105e-02]],

       [[ 3.3916263e-03, -2.5937436e-03,  5.8410740e-03, ...,
          4.2410396e-02,  4.2916827e-02,  3.9327377e-03],
        [ 3.3916263e-03, -2.5937436e-03,  5.8410740e-03, ...,
          4.2410396e-02,  4.2916827e-02,  3.9327377e-03],
        [ 1.3087236e-02,  1.7590841e-04, -2.1301497e-04, ...,
          5.3641900e-02,  9.4945552e-03,  4.9112275e-02],
        ...,
        [ 2.1150803e-02,  3.5334222e-03, -5.9213089e-03, ...,
          3.3185277e-02,  2.1896327e-03,  1.8627113e-02],
        [ 1.9756746e-02,  7.1320464e-03, -2.4106568e-03, ...,
          3.6070544e-02,  8.8934237e-03,  2.1541156e-02],
        [ 1.6199950e-02,  1.9450551e-03,  4.7197705e-03, ...,
          4.9479913e-02,  1.1427462e-02,  3.1597257e-02]],

       ...,

       [[ 3.3916263e-03, -2.5937436e-03,  5.8410740e-03, ...,
          4.2410396e-02,  4.2916827e-02,  3.9327377e-03],
        [ 3.3916263e-03, -2.5937436e-03,  5.8410740e-03, ...,
          4.2410396e-02,  4.2916827e-02,  3.9327377e-03],
        [ 3.3916263e-03, -2.5937436e-03,  5.8410740e-03, ...,
          4.2410396e-02,  4.2916827e-02,  3.9327377e-03],
        ...,
        [ 1.1444403e-02, -2.6085259e-05, -5.6822081e-03, ...,
          2.4174821e-02,  1.1120959e-02,  2.5815107e-02],
        [ 1.9265477e-02, -2.1609238e-05, -3.2260118e-03, ...,
          2.8330585e-02,  7.0073879e-03,  1.6162721e-02],
        [ 1.8233607e-02,  1.6978405e-02,  1.6189134e-03, ...,
          3.8082637e-02,  1.0647140e-02,  2.0859903e-02]],

       [[ 3.3916263e-03, -2.5937436e-03,  5.8410740e-03, ...,
          4.2410396e-02,  4.2916827e-02,  3.9327377e-03],
        [ 3.3916263e-03, -2.5937436e-03,  5.8410740e-03, ...,
          4.2410396e-02,  4.2916827e-02,  3.9327377e-03],
        [ 3.3916263e-03, -2.5937436e-03,  5.8410740e-03, ...,
          4.2410396e-02,  4.2916827e-02,  3.9327377e-03],
        ...,
        [ 5.2214065e-03,  5.9060757e-03, -1.5169927e-03, ...,
          3.6355291e-02,  1.1918713e-02,  2.7477873e-02],
        [ 1.2208644e-02, -2.7470216e-05, -2.6581686e-03, ...,
          2.3746122e-02,  9.5877210e-03,  2.0693343e-02],
        [ 1.7124213e-02, -3.3587010e-05,  1.3340887e-03, ...,
          3.7941735e-02,  4.5306846e-03,  1.6569780e-02]],

       [[ 3.3916263e-03, -2.5937436e-03,  5.8410740e-03, ...,
          4.2410396e-02,  4.2916827e-02,  3.9327377e-03],
        [ 3.3916263e-03, -2.5937436e-03,  5.8410740e-03, ...,
          4.2410396e-02,  4.2916827e-02,  3.9327377e-03],
        [ 3.3916263e-03, -2.5937436e-03,  5.8410740e-03, ...,
          4.2410396e-02,  4.2916827e-02,  3.9327377e-03],
        ...,
        [ 5.1276586e-03,  4.7441809e-03, -3.6699984e-03, ...,
          3.6399670e-02,  1.1967144e-02,  2.7982833e-02],
        [ 5.8703516e-03,  5.8130845e-03, -1.4698341e-03, ...,
          3.5568930e-02,  1.0025147e-02,  2.2952694e-02],
        [ 1.3914510e-02, -4.0167048e-05,  7.3575013e-04, ...,
          3.3956930e-02,  5.4157819e-03,  1.4624004e-02]]],
      shape=(8, 468, 1024), dtype=float32),
      'v1': array([[[-6.50799891e-04,  3.24025641e-05,  9.49817710e-03, ...,
          2.30537094e-02, -1.07974967e-03,  2.42916793e-02],
        [ 3.76893543e-02,  2.23730728e-02,  4.71663428e-03, ...,
          4.72610779e-02,  6.93947682e-03,  8.98240972e-03],
        [ 2.14303825e-02,  3.09726633e-02,  2.80970708e-03, ...,
          8.93594790e-03,  7.30281621e-02,  9.27876458e-02],
        ...,
        [ 1.10781081e-02,  3.79761518e-03,  2.73845764e-03, ...,
          1.68765504e-02,  6.60282597e-02,  2.81644799e-02],
        [ 1.32837193e-02,  7.32599795e-02,  3.28148762e-03, ...,
          5.60868904e-02,  2.58059353e-02,  3.44608501e-02],
        [ 3.28685790e-02, -1.69277700e-05,  1.69678184e-03, ...,
          4.49050730e-03,  1.11511843e-02,  6.50002658e-02]],

       [[ 3.39163328e-03, -2.59374548e-03,  5.84106194e-03, ...,
          4.24103811e-02,  4.29168046e-02,  3.93276103e-03],
        [ 3.53396945e-02,  1.10159290e-03,  8.09574220e-03, ...,
          4.53264788e-02,  1.88729577e-02,  3.49936411e-02],
        [ 3.72057222e-02,  2.40323823e-02,  2.01035175e-03, ...,
          5.50130643e-02,  2.13284027e-02,  5.74008562e-02],
        ...,
        [ 1.86141320e-02, -3.44348628e-05,  2.25905608e-03, ...,
          4.44884319e-03,  2.62028500e-02,  4.40899543e-02],
        [ 1.70388483e-02, -4.04980201e-05,  3.27205495e-03, ...,
          5.36034890e-02,  2.92770267e-02,  3.25380005e-02],
        [ 1.12606203e-02,  7.25214109e-02,  6.26279623e-04, ...,
          5.14463224e-02,  1.95935443e-02,  3.43442373e-02]],

       [[ 3.39163328e-03, -2.59374548e-03,  5.84106194e-03, ...,
          4.24103811e-02,  4.29168046e-02,  3.93276103e-03],
        [ 3.39163328e-03, -2.59374548e-03,  5.84106194e-03, ...,
          4.24103811e-02,  4.29168046e-02,  3.93276103e-03],
        [ 3.66070941e-02,  8.17649474e-04,  8.57960258e-04, ...,
          4.67933193e-02,  2.54444499e-02,  4.34616022e-02],
        ...,
        [ 1.71152428e-02,  4.40323818e-03,  6.79918157e-04, ...,
          2.66482756e-02,  1.09254904e-02,  9.67524666e-03],
        [ 1.81883741e-02, -4.10374887e-05,  3.35716963e-04, ...,
          4.45898734e-02,  2.31344812e-02,  2.46481970e-02],
        [ 1.57293566e-02,  1.20919140e-05,  8.26792908e-04, ...,
          5.02349325e-02,  2.26793140e-02,  3.30984741e-02]],

       ...,

       [[ 3.39163328e-03, -2.59374548e-03,  5.84106194e-03, ...,
          4.24103811e-02,  4.29168046e-02,  3.93276103e-03],
        [ 3.39163328e-03, -2.59374548e-03,  5.84106194e-03, ...,
          4.24103811e-02,  4.29168046e-02,  3.93276103e-03],
        [ 3.39163328e-03, -2.59374548e-03,  5.84106194e-03, ...,
          4.24103811e-02,  4.29168046e-02,  3.93276103e-03],
        ...,
        [ 1.89083871e-02, -9.61860314e-06,  1.77476613e-03, ...,
          2.45090406e-02,  6.83095539e-03,  1.65034961e-02],
        [ 1.63182989e-02,  1.78968739e-02,  1.65787933e-03, ...,
          3.60182449e-02,  2.15982683e-02,  1.33606466e-02],
        [ 1.52455904e-02,  3.00165196e-03, -7.90097285e-04, ...,
          3.68142426e-02,  2.09595654e-02,  1.55076683e-02]],

       [[ 3.39163328e-03, -2.59374548e-03,  5.84106194e-03, ...,
          4.24103811e-02,  4.29168046e-02,  3.93276103e-03],
        [ 3.39163328e-03, -2.59374548e-03,  5.84106194e-03, ...,
          4.24103811e-02,  4.29168046e-02,  3.93276103e-03],
        [ 3.39163328e-03, -2.59374548e-03,  5.84106194e-03, ...,
          4.24103811e-02,  4.29168046e-02,  3.93276103e-03],
        ...,
        [ 1.44568747e-02, -1.11981790e-05,  2.07747472e-03, ...,
          2.42608692e-02,  7.82725401e-03,  1.87179539e-02],
        [ 1.84785612e-02,  2.98102759e-03,  4.66139708e-03, ...,
          3.77184600e-02,  1.27245961e-02,  1.02590816e-02],
        [ 1.60011165e-02,  1.79962609e-02,  1.36890414e-03, ...,
          3.66568044e-02,  1.98376253e-02,  1.43755116e-02]],

       [[ 3.39163328e-03, -2.59374548e-03,  5.84106194e-03, ...,
          4.24103811e-02,  4.29168046e-02,  3.93276103e-03],
        [ 3.39163328e-03, -2.59374548e-03,  5.84106194e-03, ...,
          4.24103811e-02,  4.29168046e-02,  3.93276103e-03],
        [ 3.39163328e-03, -2.59374548e-03,  5.84106194e-03, ...,
          4.24103811e-02,  4.29168046e-02,  3.93276103e-03],
        ...,
        [ 1.00605702e-02,  7.15501327e-03,  1.90334127e-03, ...,
          2.81956978e-02,  8.46754108e-03,  1.95943173e-02],
        [ 1.46214571e-02, -1.71930642e-05,  4.55988478e-03, ...,
          3.45902741e-02,  1.34806996e-02,  9.66971554e-03],
        [ 1.85614489e-02,  4.20485111e-03,  4.66418266e-03, ...,
          3.82357650e-02,  1.17501114e-02,  1.10719055e-02]]],
      shape=(8, 554, 1024), dtype=float32)},
  1: {'alignment_types': [(1, 1)],
      'alignments': [([0], [0]),
                     ([1], [1]),
                     ([2], [2]),
                     ([], [3]),
                     ([3], [4]),
                     ([4], [5]),
                     ([5], [6]),
                     ([6], [7]),
                     ([], [8]),
                     ([], [9]),
                     ([], [10]),
                     ([], [11]),
                     ([], [12]),
                     ([], [13]),
                     ([], [14]),
                     ([], [15]),
                     ([], [16]),
                     ([], [17]),
                     ([], [18]),
                     ([], [19]),
                     ([], [20]),
                     ([7], [21]),
                     ([], [22]),
                     ([], [23]),
                     ([], [24]),
                     ([], [25]),
                     ([8], [26]),
                     ([9], [27]),
                     ([10], [28]),
                     ([11], [29]),
                     ([12], [30]),
                     ([13], [31]),
                     ([14], [32]),
                     ([15], [33]),
                     ([16], [34]),
                     ([17], [35]),
                     ([18], [36]),
                     ([19], [37]),
                     ([20], [38]),
                     ([21], [39]),
                     ([22], [40]),
                     ([23], [41]),
                     ([24], [42]),
                     ([25], [43]),
                     ([26], [44]),
                     ([27], [45]),
                     ([28], [46]),
                     ([29], [47]),
                     ([30], [48]),
                     ([], [49]),
                     ([31], [50]),
                     ([32], [51]),
                     ([33], [52]),
                     ([34], [53]),
                     ([35], [54]),
                     ([36], [55]),
                     ([37], [56]),
                     ([38], [57]),
                     ([39], [58]),
                     ([40], [59]),
                     ([41], [60]),
                     ([], [61]),
                     ([42], [62]),
                     ([], [63]),
                     ([43], [64]),
                     ([], [65]),
                     ([44], [66]),
                     ([45], [67]),
                     ([46], [68]),
                     ([47], [69]),
                     ([48], [70]),
                     ([49], [71]),
                     ([50], [72]),
                     ([51], [73]),
                     ([52], [74]),
                     ([53], [75]),
                     ([54], [76]),
                     ([55], [77]),
                     ([56], [78]),
                     ([57], [79]),
                     ([58], [80]),
                     ([59], [81]),
                     ([60], []),
                     ([61], [82]),
                     ([62], [83]),
                     ([63], [84]),
                     ([64], [85]),
                     ([65], [86]),
                     ([66], [87]),
                     ([67], [88]),
                     ([68], [89]),
                     ([69], [90]),
                     ([70], [91]),
                     ([71], [92]),
                     ([72], [93]),
                     ([73], [94]),
                     ([74], [95]),
                     ([75], [96]),
                     ([76], [97]),
                     ([77], [98]),
                     ([78], [99]),
                     ([79], [100]),
                     ([80], []),
                     ([81], [101]),
                     ([82], [102]),
                     ([83], []),
                     ([84], [103]),
                     ([85], [104]),
                     ([86], [105]),
                     ([87], []),
                     ([88], [106]),
                     ([89], [107]),
                     ([90], [108]),
                     ([91], [109]),
                     ([92], []),
                     ([93], [110]),
                     ([94], [111]),
                     ([95], [112]),
                     ([96], [113]),
                     ([97], [114]),
                     ([98], [115]),
                     ([99], [116]),
                     ([100], [117]),
                     ([101], [118]),
                     ([], [119]),
                     ([102], [120]),
                     ([], [121]),
                     ([103], [122]),
                     ([104], [123]),
                     ([], [124]),
                     ([105], [125]),
                     ([106], [126]),
                     ([107], [127]),
                     ([108], [128]),
                     ([109], [129]),
                     ([110], [130]),
                     ([111], [131]),
                     ([], [132]),
                     ([112], [133]),
                     ([113], [134]),
                     ([114], [135]),
                     ([115], [136]),
                     ([116], []),
                     ([117], [137]),
                     ([118], [138]),
                     ([119], [139]),
                     ([120], [140]),
                     ([], [141]),
                     ([121], [142]),
                     ([122], [143]),
                     ([123], [144]),
                     ([124], [145]),
                     ([], [146]),
                     ([125], [147]),
                     ([126], [148]),
                     ([127], [149]),
                     ([128], [150]),
                     ([129], [151]),
                     ([130], [152]),
                     ([131], [153]),
                     ([132], [154]),
                     ([133], [155]),
                     ([134], [156]),
                     ([135], [157]),
                     ([136], [158]),
                     ([137], [159]),
                     ([138], [160]),
                     ([139], [161]),
                     ([140], [162]),
                     ([141], [163]),
                     ([], [164]),
                     ([142], [165]),
                     ([143], [166]),
                     ([], [167]),
                     ([144], [168]),
                     ([145], [169]),
                     ([146], [170]),
                     ([147], [171]),
                     ([148], [172]),
                     ([], [173]),
                     ([149], [174]),
                     ([150], [175]),
                     ([151], [176]),
                     ([152], [177]),
                     ([153], [178]),
                     ([154], [179]),
                     ([155], [180]),
                     ([156], [181]),
                     ([157], [182]),
                     ([158], [183]),
                     ([159], [184]),
                     ([160], [185]),
                     ([161], [186]),
                     ([], [187]),
                     ([162], [188]),
                     ([163], [189]),
                     ([164], [190]),
                     ([165], [191]),
                     ([166], [192]),
                     ([167], [193]),
                     ([168], [194]),
                     ([169], [195]),
                     ([170], [196]),
                     ([171], [197]),
                     ([172], [198]),
                     ([], [199]),
                     ([173], [200]),
                     ([174], [201]),
                     ([175], [202]),
                     ([176], [203]),
                     ([], [204]),
                     ([177], [205]),
                     ([178], [206]),
                     ([179], [207]),
                     ([180], [208]),
                     ([181], [209]),
                     ([], [210]),
                     ([], [211]),
                     ([182], [212]),
                     ([183], [213]),
                     ([184], [214]),
                     ([185], [215]),
                     ([186], [216]),
                     ([187], [217]),
                     ([188], [218]),
                     ([189], [219]),
                     ([], [220]),
                     ([190], [221]),
                     ([191], [222]),
                     ([192], [223]),
                     ([], [224]),
                     ([193], [225]),
                     ([], [226]),
                     ([194], [227]),
                     ([195], [228]),
                     ([], [229]),
                     ([], [230]),
                     ([196], [231]),
                     ([197], [232]),
                     ([198], [233]),
                     ([], [234]),
                     ([199], [235]),
                     ([200], [236]),
                     ([201], [237]),
                     ([202], [238]),
                     ([203], [239]),
                     ([204], [240]),
                     ([205], [241]),
                     ([], [242]),
                     ([206], [243]),
                     ([207], [244]),
                     ([], [245]),
                     ([208], [246]),
                     ([], [247]),
                     ([209], [248]),
                     ([210], [249]),
                     ([211], [250]),
                     ([212], [251]),
                     ([213], [252]),
                     ([214], [253]),
                     ([], [254]),
                     ([215], [255]),
                     ([], [256]),
                     ([216], [257]),
                     ([217], [258]),
                     ([218], [259]),
                     ([219], [260]),
                     ([220], [261]),
                     ([221], [262]),
                     ([222], [263]),
                     ([223], [264]),
                     ([224], [265]),
                     ([], [266]),
                     ([225], [267]),
                     ([226], [268]),
                     ([227], [269]),
                     ([228], [270]),
                     ([229], [271]),
                     ([230], [272]),
                     ([231], [273]),
                     ([232], [274]),
                     ([233], [275]),
                     ([], [276])],
      'costs_1to1': array([[0.1241196 , 0.87263733, 1.2396429 , ..., 1.2482966 , 1.2094375 ,
        0.89236367],
       [0.84923816, 0.29095417, 0.93831867, ..., 1.0059322 , 0.95593077,
        0.9010836 ],
       [1.1647595 , 0.8412307 , 0.21816184, ..., 0.8465688 , 0.86457056,
        1.0094855 ],
       ...,
       [1.1771249 , 0.8442492 , 0.72936577, ..., 0.5910725 , 0.84339833,
        1.0659914 ],
       [1.1542339 , 1.0256943 , 0.8541513 , ..., 0.67184025, 0.7053077 ,
        1.0232348 ],
       [1.1078814 , 1.0267425 , 0.9822617 , ..., 0.94817924, 0.7178389 ,
        0.85401523]], shape=(234, 277), dtype=float32),
      'del_knob': <dp_utils.DeletionKnob object at 0x106412250>,
      'del_penalty': np.float64(0.891884597158432),
      'n0': array([[1.0243988 , 1.000306  , 0.97279793, ..., 0.98287505, 0.98556197,
        0.98260456],
       [1.0258973 , 1.0072013 , 0.96584463, ..., 0.9782125 , 0.9912088 ,
        0.977788  ],
       [1.0195714 , 1.0142399 , 0.9699178 , ..., 0.98386514, 0.9877739 ,
        0.981706  ],
       ...,
       [1.0180929 , 1.0180929 , 1.0124576 , ..., 0.99438125, 0.98647034,
        0.97675395],
       [1.0177883 , 1.0177883 , 1.0177883 , ..., 0.9979929 , 0.98770374,
        0.98032147],
       [1.017538  , 1.017538  , 1.017538  , ..., 0.99831635, 0.9890442 ,
        0.9836587 ]], shape=(8, 234), dtype=float32),
      'n1': array([[1.0239291 , 1.0250067 , 1.0075914 , ..., 0.9875558 , 0.9985546 ,
        1.004179  ],
       [1.0496087 , 1.0206224 , 1.0104681 , ..., 1.0003465 , 0.9925616 ,
        0.98141474],
       [1.0511551 , 1.0243766 , 1.0128254 , ..., 0.99567956, 0.99302995,
        0.9877605 ],
       ...,
       [1.0574013 , 1.0574013 , 1.0604062 , ..., 0.9987207 , 0.99725527,
        0.9908273 ],
       [1.0584502 , 1.0584502 , 1.0584502 , ..., 1.00095   , 0.9983278 ,
        0.99250066],
       [1.0592318 , 1.0592318 , 1.0592318 , ..., 1.0035939 , 1.0005717 ,
        0.99245274]], shape=(8, 277), dtype=float32),
      'size0': 234,
      'size1': 277,
      'v0': array([[[-2.28601065e-03, -1.24926714e-03, -8.09489749e-03, ...,
          3.21910754e-02, -2.55159121e-02, -3.50757018e-02],
        [-2.50164196e-02,  8.40266608e-03, -1.45612638e-02, ...,
         -4.67127282e-03,  1.51098510e-02,  3.82933952e-02],
        [ 2.12444533e-02,  1.33087290e-02, -1.73375867e-02, ...,
         -4.94573684e-03,  1.17970398e-02,  1.35599608e-02],
        ...,
        [ 2.89920382e-02,  2.52529792e-02,  7.74900150e-03, ...,
         -2.45900750e-02, -1.72870606e-02,  5.80996834e-02],
        [ 1.68996435e-02, -1.35418382e-02, -2.03799102e-02, ...,
          6.46917149e-02, -2.43978463e-02, -1.46604581e-02],
        [-8.84186849e-03,  5.12193665e-02, -9.97418724e-03, ...,
          1.66937932e-02,  4.30894867e-02, -1.71812195e-02]],

       [[-1.48776658e-02, -1.41645530e-02, -6.64242404e-03, ...,
          3.11400630e-02,  1.57539882e-02, -1.60935372e-02],
        [-1.01001957e-03,  2.28092335e-02, -1.22850435e-02, ...,
          1.59914754e-02,  1.09688640e-02,  2.96271984e-02],
        [-1.18203461e-02,  2.35470217e-02, -1.82820410e-02, ...,
         -2.21481845e-02,  3.68109681e-02,  2.22401395e-02],
        ...,
        [ 1.09901140e-03,  1.75299086e-02, -1.56996045e-02, ...,
          1.25611678e-03, -1.48711782e-02,  6.69570565e-02],
        [ 3.51101137e-03, -6.54170942e-03, -2.28314251e-02, ...,
          2.58756708e-02, -2.70491689e-02, -2.24724840e-02],
        [ 3.97013361e-03, -9.25453939e-03, -7.82999024e-03, ...,
          6.32526726e-02,  1.97952017e-02, -1.08289225e-02]],

       [[-1.24134570e-02, -9.06617288e-03, -2.01250985e-03, ...,
          1.84758529e-02,  2.29811817e-02, -2.11634971e-02],
        [-2.19299598e-03,  1.07072974e-02, -1.64492019e-02, ...,
          3.71950716e-02,  2.65973806e-03,  3.47576514e-02],
        [-1.95022523e-02,  1.20993378e-02, -1.81394368e-02, ...,
         -2.98797879e-02,  4.25162576e-02,  2.79938895e-02],
        ...,
        [-8.34647659e-03, -1.76312327e-02, -2.68663261e-02, ...,
          2.95320805e-02, -6.75378647e-03,  1.25874067e-02],
        [ 1.82265707e-03,  1.11007299e-02, -2.55718064e-02, ...,
          1.78028569e-02, -2.83529498e-02, -1.27214584e-02],
        [-5.28980599e-05, -9.05069988e-03, -1.80560444e-02, ...,
          5.65789416e-02, -1.46234240e-02, -5.80332614e-03]],

       ...,

       [[-1.17000919e-02, -8.01787898e-03, -2.58202455e-03, ...,
          1.81458518e-02,  2.26729792e-02, -1.40532535e-02],
        [-1.17000919e-02, -8.01787898e-03, -2.58202455e-03, ...,
          1.81458518e-02,  2.26729792e-02, -1.40532535e-02],
        [-1.72144007e-02, -1.27977086e-02, -1.17697837e-02, ...,
          1.72913782e-02,  3.12099364e-02, -1.94755418e-03],
        ...,
        [-4.02881503e-02, -3.41437827e-03, -3.23940441e-02, ...,
          6.43413067e-02, -1.04252470e-03,  6.78387517e-03],
        [-2.34877300e-02, -1.04352776e-02, -3.10297571e-02, ...,
          2.58211698e-02, -7.38542248e-03,  2.10070461e-02],
        [ 2.78988108e-03,  3.37679102e-03, -2.62260009e-02, ...,
          3.47699448e-02, -1.69849806e-02, -6.99679879e-03]],

       [[-1.14954077e-02, -7.81598687e-03, -2.62113614e-03, ...,
          1.77653711e-02,  2.24324949e-02, -1.29764434e-02],
        [-1.14954077e-02, -7.81598687e-03, -2.62113614e-03, ...,
          1.77653711e-02,  2.24324949e-02, -1.29764434e-02],
        [-1.14954077e-02, -7.81598687e-03, -2.62113614e-03, ...,
          1.77653711e-02,  2.24324949e-02, -1.29764434e-02],
        ...,
        [-4.06774990e-02, -2.78795883e-03, -3.27506475e-02, ...,
          6.59165382e-02, -3.99600854e-03,  8.26252066e-03],
        [-3.10039390e-02, -5.33080846e-03, -2.91583091e-02, ...,
          4.02981080e-02, -6.62040384e-03,  2.65179481e-02],
        [-7.81665370e-03, -1.92038491e-02, -2.64804866e-02, ...,
          2.80247815e-02, -2.24596374e-02, -3.45779653e-03]],

       [[-1.13254972e-02, -7.80327339e-03, -2.73762038e-03, ...,
          1.72976386e-02,  2.22293325e-02, -1.21601392e-02],
        [-1.13254972e-02, -7.80327339e-03, -2.73762038e-03, ...,
          1.72976386e-02,  2.22293325e-02, -1.21601392e-02],
        [-1.13254972e-02, -7.80327339e-03, -2.73762038e-03, ...,
          1.72976386e-02,  2.22293325e-02, -1.21601392e-02],
        ...,
        [-3.41655724e-02, -1.37640266e-02, -3.20242234e-02, ...,
          6.44210503e-02, -3.46021377e-03,  1.03526386e-02],
        [-3.45805548e-02,  3.51773249e-03, -3.31801251e-02, ...,
          4.42482494e-02, -2.37849727e-03,  3.00515685e-02],
        [-2.10973863e-02, -1.17180236e-02, -2.69979052e-02, ...,
          3.86440456e-02, -2.17471197e-02, -4.83113545e-04]]],
      shape=(8, 234, 1024), dtype=float32),
      'v1': array([[[ 0.0040921 ,  0.00328104, -0.00233013, ...,  0.0222704 ,
         -0.027341  , -0.03801733],
        [ 0.01428401,  0.01178644, -0.01456068, ..., -0.02811009,
          0.0699305 ,  0.06770032],
        [ 0.01177461,  0.00932111, -0.01581661, ..., -0.00440027,
          0.01139094,  0.04216154],
        ...,
        [ 0.02858407, -0.01579523, -0.00372542, ..., -0.00366778,
         -0.00803457,  0.02360034],
        [-0.00154029, -0.01408961, -0.00674534, ..., -0.02301029,
          0.04796436, -0.01138279],
        [ 0.01409199,  0.0568569 , -0.01225979, ...,  0.01459156,
          0.00212089,  0.02696446]],

       [[ 0.00290834, -0.01451934, -0.00241959, ...,  0.02918373,
          0.02200188, -0.02119007],
        [ 0.07692168,  0.03225866, -0.01669269, ...,  0.01195654,
          0.01627361,  0.03439358],
        [-0.00189944,  0.00461424, -0.01765669, ..., -0.01935638,
          0.02458209,  0.01919545],
        ...,
        [ 0.0008221 ,  0.00060565, -0.00238956, ..., -0.0113221 ,
         -0.01635123,  0.06234591],
        [ 0.00074371, -0.0132861 , -0.01368556, ..., -0.0143372 ,
          0.0021243 , -0.01175437],
        [-0.00633778,  0.05300283, -0.01299027, ...,  0.05543428,
          0.01645114, -0.00070729]],

       [[-0.01247802, -0.00961084, -0.00248588, ...,  0.01607162,
          0.02374214, -0.02225347],
        [ 0.04836508,  0.00877451, -0.01468513, ...,  0.03421126,
          0.01539457,  0.02381891],
        [ 0.03687005,  0.01463213, -0.01816152, ..., -0.02814353,
          0.03175557,  0.01674797],
        ...,
        [ 0.01608513,  0.00403224, -0.01916499, ...,  0.01053803,
         -0.01447825,  0.01233269],
        [ 0.00200379, -0.01190234, -0.01398947, ...,  0.00722613,
         -0.01258956, -0.0338559 ],
        [-0.00192201, -0.01854449, -0.01764687, ...,  0.05120717,
          0.01624227, -0.0018134 ]],

       ...,

       [[-0.01175756, -0.00846885, -0.00231507, ...,  0.01578955,
          0.02348077, -0.01552638],
        [-0.01175756, -0.00846885, -0.00231507, ...,  0.01578955,
          0.02348077, -0.01552638],
        [ 0.00796128, -0.01374105, -0.00881239, ...,  0.01384935,
          0.0325383 , -0.00591498],
        ...,
        [-0.03008843, -0.00977776, -0.02755265, ...,  0.02625024,
         -0.00047895,  0.00237372],
        [-0.00184854, -0.01792931, -0.01488321, ...,  0.00358306,
         -0.01738848, -0.00923077],
        [-0.00434676,  0.00663903, -0.01947072, ...,  0.03109061,
          0.01605039, -0.01964296]],

       [[-0.01154935, -0.00826981, -0.00232327, ...,  0.01550502,
          0.02328122, -0.0143647 ],
        [-0.01154935, -0.00826981, -0.00232327, ...,  0.01550502,
          0.02328122, -0.0143647 ],
        [-0.01154935, -0.00826981, -0.00232327, ...,  0.01550502,
          0.02328122, -0.0143647 ],
        ...,
        [-0.03396627, -0.00326898, -0.02813813, ...,  0.03159889,
         -0.00540902,  0.00358781],
        [-0.01307343, -0.0093865 , -0.01695505, ...,  0.00756193,
         -0.01619618, -0.00314921],
        [-0.00057045,  0.00770912, -0.01450061, ...,  0.03503704,
          0.00443023, -0.02337006]],

       [[-0.01132171, -0.008058  , -0.00242129, ...,  0.01517266,
          0.02310593, -0.01342082],
        [-0.01132171, -0.008058  , -0.00242129, ...,  0.01517266,
          0.02310593, -0.01342082],
        [-0.01132171, -0.008058  , -0.00242129, ...,  0.01517266,
          0.02310593, -0.01342082],
        ...,
        [-0.03503536,  0.00279098, -0.02403601, ...,  0.03333385,
         -0.0032822 ,  0.00395151],
        [-0.01796774, -0.00056104, -0.01758185, ...,  0.01036204,
         -0.01567089,  0.00058708],
        [-0.0017458 , -0.01357364, -0.01098817, ...,  0.03296933,
         -0.00524581, -0.02619423]]], shape=(8, 277, 1024), dtype=float32),
      'x_y_tb': array([[4, 1, 1, ..., 1, 1, 1],
       [2, 0, 1, ..., 1, 1, 1],
       [2, 2, 0, ..., 1, 1, 1],
       ...,
       [2, 2, 2, ..., 1, 1, 1],
       [2, 2, 2, ..., 0, 1, 1],
       [2, 2, 2, ..., 2, 0, 1]], shape=(235, 278), dtype=int32)}}]